152774819
152774818
152774820
152774821
152774822
152774823
152774825
152774824
152774826
152774828
152774830
152774827
152774833
152774831
152774832
152774834
152774829
152774837
152774836
152774839
152774842
152774847
152774845
152774843
152774835
152774840
152774846
152774844
152774838
152774849
152774852
152774841
152774851
152774856
152774855
152774859
152774858
152774857
152774848
152774850
152774854
152774860
152774862
152774867
152774864
152774863
152774866
152774853
152774861
152774865
152774869
152774872
152774870
152774868
152774873
152774871
152774874
152774875
